aFIR_F32_1kHz_15kHz
0 0.00000000000000000000
1 0.59246593713760375977
2 -0.09473434835672378540
3 0.19134171307086944580
4 1.00000000000000000000
5 0.41741970181465148926
6 0.35355338454246520996
7 1.25529313087463378906
8 0.86602538824081420898
9 0.46193975210189819336
10 1.31947922706604003906
11 1.18278658390045166016
12 0.50000000000000000000
13 1.18278658390045166016
14 1.31947922706604003906
15 0.46193975210189819336
16 0.86602538824081420898
17 1.25529313087463378906
18 0.35355338454246520996
19 0.41741970181465148926
20 1.00000000000000000000
21 0.19134171307086944580
22 -0.09473434835672378540
23 0.59246593713760375977
24 -0.00000000000000000000
25 -0.59246593713760375977
26 0.09473434835672378540
27 -0.19134171307086944580
28 -1.00000000000000000000
29 -0.41741970181465148926
30 -0.35355338454246520996
31 -1.25529313087463378906
32 -0.86602538824081420898
33 -0.46193975210189819336
34 -1.31947922706604003906
35 -1.18278658390045166016
36 -0.50000000000000000000
37 -1.18278658390045166016
38 -1.31947922706604003906
39 -0.46193975210189819336
40 -0.86602538824081420898
41 -1.25529313087463378906
42 -0.35355338454246520996
43 -0.41741970181465148926
44 -1.00000000000000000000
45 -0.19134171307086944580
46 0.09473434835672378540
47 -0.59246593713760375977
48 0.00000000000000000000
49 0.59246593713760375977
50 -0.09473434835672378540
51 0.19134171307086944580
52 1.00000000000000000000
53 0.41741970181465148926
54 0.35355338454246520996
55 1.25529313087463378906
56 0.86602538824081420898
57 0.46193975210189819336
58 1.31947922706604003906
59 1.18278658390045166016
60 0.50000000000000000000
61 1.18278658390045166016
62 1.31947922706604003906
63 0.46193975210189819336
64 0.86602538824081420898
65 1.25529313087463378906
66 0.35355338454246520996
67 0.41741970181465148926
68 1.00000000000000000000
69 0.19134171307086944580
70 -0.09473434835672378540
71 0.59246593713760375977
72 0.00000000000000000000
73 -0.59246593713760375977
74 0.09473434835672378540
75 -0.19134171307086944580
76 -1.00000000000000000000
77 -0.41741970181465148926
78 -0.35355338454246520996
79 -1.25529313087463378906
80 -0.86602538824081420898
81 -0.46193975210189819336
82 -1.31947922706604003906
83 -1.18278658390045166016
84 -0.50000000000000000000
85 -1.18278658390045166016
86 -1.31947922706604003906
87 -0.46193975210189819336
88 -0.86602538824081420898
89 -1.25529313087463378906
90 -0.35355338454246520996
91 -0.41741970181465148926
92 -1.00000000000000000000
93 -0.19134171307086944580
94 0.09473434835672378540
95 -0.59246593713760375977
96 0.00000000000000000000
97 0.59246593713760375977
98 -0.09473434835672378540
99 0.19134171307086944580
100 1.00000000000000000000
101 0.41741970181465148926
102 0.35355338454246520996
103 1.25529313087463378906
104 0.86602538824081420898
105 0.46193975210189819336
106 1.31947922706604003906
107 1.18278658390045166016
108 0.50000000000000000000
109 1.18278658390045166016
110 1.31947922706604003906
111 0.46193975210189819336
112 0.86602538824081420898
113 1.25529313087463378906
114 0.35355338454246520996
115 0.41741970181465148926
116 1.00000000000000000000
117 0.19134171307086944580
118 -0.09473434835672378540
119 0.59246593713760375977
120 0.00000000000000000000
121 -0.59246593713760375977
122 0.09473434835672378540
123 -0.19134171307086944580
124 -1.00000000000000000000
125 -0.41741970181465148926
126 -0.35355338454246520996
127 -1.25529313087463378906
128 -0.86602538824081420898
129 -0.46193975210189819336
130 -1.31947922706604003906
131 -1.18278658390045166016
132 -0.50000000000000000000
133 -1.18278658390045166016
134 -1.31947922706604003906
135 -0.46193975210189819336
136 -0.86602538824081420898
137 -1.25529313087463378906
138 -0.35355338454246520996
139 -0.41741970181465148926
140 -1.00000000000000000000
141 -0.19134171307086944580
142 0.09473434835672378540
143 -0.59246593713760375977
144 -0.00000000000000000000
145 0.59246593713760375977
146 -0.09473434835672378540
147 0.19134171307086944580
148 1.00000000000000000000
149 0.41741970181465148926
150 0.35355338454246520996
151 1.25529313087463378906
152 0.86602538824081420898
153 0.46193975210189819336
154 1.31947922706604003906
155 1.18278658390045166016
156 0.50000000000000000000
157 1.18278658390045166016
158 1.31947922706604003906
159 0.46193975210189819336
160 0.86602538824081420898
161 1.25529313087463378906
162 0.35355338454246520996
163 0.41741970181465148926
164 1.00000000000000000000
165 0.19134171307086944580
166 -0.09473434835672378540
167 0.59246593713760375977
168 -0.00000000000000000000
169 -0.59246593713760375977
170 0.09473434835672378540
171 -0.19134171307086944580
172 -1.00000000000000000000
173 -0.41741970181465148926
174 -0.35355338454246520996
175 -1.25529313087463378906
176 -0.86602538824081420898
177 -0.46193975210189819336
178 -1.31947922706604003906
179 -1.18278658390045166016
180 -0.50000000000000000000
181 -1.18278658390045166016
182 -1.31947922706604003906
183 -0.46193975210189819336
184 -0.86602538824081420898
185 -1.25529313087463378906
186 -0.35355338454246520996
187 -0.41741970181465148926
188 -1.00000000000000000000
189 -0.19134171307086944580
190 0.09473434835672378540
191 -0.59246593713760375977
192 0.00000000000000000000
193 0.59246593713760375977
194 -0.09473434835672378540
195 0.19134171307086944580
196 1.00000000000000000000
197 0.41741970181465148926
198 0.35355338454246520996
199 1.25529313087463378906
200 0.86602538824081420898
201 0.46193975210189819336
202 1.31947922706604003906
203 1.18278658390045166016
204 0.50000000000000000000
205 1.18278658390045166016
206 1.31947922706604003906
207 0.46193975210189819336
208 0.86602538824081420898
209 1.25529313087463378906
210 0.35355338454246520996
211 0.41741970181465148926
212 1.00000000000000000000
213 0.19134171307086944580
214 -0.09473434835672378540
215 0.59246593713760375977
216 0.00000000000000000000
217 -0.59246593713760375977
218 0.09473434835672378540
219 -0.19134171307086944580
220 -1.00000000000000000000
221 -0.41741970181465148926
222 -0.35355338454246520996
223 -1.25529313087463378906
224 -0.86602538824081420898
225 -0.46193975210189819336
226 -1.31947922706604003906
227 -1.18278658390045166016
228 -0.50000000000000000000
229 -1.18278658390045166016
230 -1.31947922706604003906
231 -0.46193975210189819336
232 -0.86602538824081420898
233 -1.25529313087463378906
234 -0.35355338454246520996
235 -0.41741970181465148926
236 -1.00000000000000000000
237 -0.19134171307086944580
238 0.09473434835672378540
239 -0.59246593713760375977
aFIR_F32_Coeffs
0 -0.00182252295780926943
1 -0.00158792943693697453
2 0.00000000000000000000
3 0.00369775085709989071
4 0.00807543005794286728
5 0.00853022187948226929
6 -0.00000000000000000000
7 -0.01739769801497459412
8 -0.03414586186408996582
9 -0.03335915505886077881
10 0.00000000000000000000
11 0.06763084232807159424
12 0.15220618247985839844
13 0.22292469441890716553
14 0.25049608945846557617
15 0.22292469441890716553
16 0.15220618247985839844
17 0.06763084232807159424
18 0.00000000000000000000
19 -0.03335915505886077881
20 -0.03414586186408996582
21 -0.01739769801497459412
22 -0.00000000000000000000
23 0.00853022187948226929
24 0.00807543005794286728
25 0.00369775085709989071
26 0.00000000000000000000
27 -0.00158792943693697453
28 -0.00182252295780926943
aFIR_F32_Output
0 0.00000000000000000000
1 -0.00107978272717446089
2 -0.00076813861960545182
3 -0.00019829320081043988
4 0.00006443145684897900
5 0.00208542682230472565
6 0.00368918711319565773
7 0.00158559391275048256
8 -0.00262808031402528286
9 -0.00759076513350009918
10 -0.01193905062973499298
11 -0.00866659637540578842
12 0.00889811757951974869
13 0.04305392503738403320
14 0.09744687378406524658
15 0.17404054105281829834
16 0.26814165711402893066
17 0.37477201223373413086
18 0.48933619260787963867
19 0.60241544246673583984
20 0.70587408542633056641
21 0.79683488607406616211
22 0.87159019708633422852
23 0.92778801918029785156
24 0.96821820735931396484
25 0.99346745014190673828
26 1.00120532512664794922
27 0.99258595705032348633
28 0.96815395355224609375
29 0.92570269107818603516
30 0.86790096759796142578
31 0.79524922370910644531
32 0.70850205421447753906
33 0.61000621318817138672
34 0.50127524137496948242
35 0.38343861699104309082
36 0.25924357771873474121
37 0.13098664581775665283
38 -0.00000000256113708019
39 -0.13098663091659545898
40 -0.25924357771873474121
41 -0.38343858718872070312
42 -0.50127524137496948242
43 -0.61000621318817138672
44 -0.70850217342376708984
45 -0.79524928331375122070
46 -0.86790102720260620117
47 -0.92570263147354125977
48 -0.96815383434295654297
49 -0.99366569519042968750
50 -1.00197350978851318359
51 -0.99366575479507446289
52 -0.96815395355224609375
53 -0.92570269107818603516
54 -0.86790096759796142578
55 -0.79524922370910644531
56 -0.70850205421447753906
57 -0.61000621318817138672
58 -0.50127524137496948242
59 -0.38343861699104309082
60 -0.25924357771873474121
61 -0.13098664581775665283
62 0.00000000256113708019
63 0.13098663091659545898
64 0.25924357771873474121
65 0.38343858718872070312
66 0.50127524137496948242
67 0.61000621318817138672
68 0.70850217342376708984
69 0.79524928331375122070
70 0.86790102720260620117
71 0.92570263147354125977
72 0.96815383434295654297
73 0.99366569519042968750
74 1.00197350978851318359
75 0.99366575479507446289
76 0.96815395355224609375
77 0.92570269107818603516
78 0.86790096759796142578
79 0.79524922370910644531
80 0.70850205421447753906
81 0.61000621318817138672
82 0.50127524137496948242
83 0.38343861699104309082
84 0.25924357771873474121
85 0.13098664581775665283
86 -0.00000000256113708019
87 -0.13098663091659545898
88 -0.25924357771873474121
89 -0.38343858718872070312
90 -0.50127524137496948242
91 -0.61000621318817138672
92 -0.70850217342376708984
93 -0.79524928331375122070
94 -0.86790102720260620117
95 -0.92570263147354125977
96 -0.96815383434295654297
97 -0.99366569519042968750
98 -1.00197350978851318359
99 -0.99366575479507446289
100 -0.96815395355224609375
101 -0.92570269107818603516
102 -0.86790096759796142578
103 -0.79524922370910644531
104 -0.70850205421447753906
105 -0.61000621318817138672
106 -0.50127524137496948242
107 -0.38343861699104309082
108 -0.25924357771873474121
109 -0.13098664581775665283
110 0.00000000256113708019
111 0.13098663091659545898
112 0.25924357771873474121
113 0.38343858718872070312
114 0.50127524137496948242
115 0.61000621318817138672
116 0.70850217342376708984
117 0.79524928331375122070
118 0.86790102720260620117
119 0.92570263147354125977
120 0.96815383434295654297
121 0.99366569519042968750
122 1.00197350978851318359
123 0.99366575479507446289
124 0.96815395355224609375
125 0.92570269107818603516
126 0.86790096759796142578
127 0.79524922370910644531
128 0.70850205421447753906
129 0.61000621318817138672
130 0.50127524137496948242
131 0.38343861699104309082
132 0.25924357771873474121
133 0.13098664581775665283
134 -0.00000000256113708019
135 -0.13098663091659545898
136 -0.25924357771873474121
137 -0.38343858718872070312
138 -0.50127524137496948242
139 -0.61000621318817138672
140 -0.70850217342376708984
141 -0.79524928331375122070
142 -0.86790102720260620117
143 -0.92570263147354125977
144 -0.96815383434295654297
145 -0.99366569519042968750
146 -1.00197350978851318359
147 -0.99366575479507446289
148 -0.96815395355224609375
149 -0.92570269107818603516
150 -0.86790096759796142578
151 -0.79524922370910644531
152 -0.70850205421447753906
153 -0.61000621318817138672
154 -0.50127524137496948242
155 -0.38343861699104309082
156 -0.25924357771873474121
157 -0.13098664581775665283
158 0.00000000256113708019
159 0.13098663091659545898
160 0.25924357771873474121
161 0.38343858718872070312
162 0.50127524137496948242
163 0.61000621318817138672
164 0.70850217342376708984
165 0.79524928331375122070
166 0.86790102720260620117
167 0.92570263147354125977
168 0.96815383434295654297
169 0.99366569519042968750
170 1.00197350978851318359
171 0.99366575479507446289
172 0.96815395355224609375
173 0.92570269107818603516
174 0.86790096759796142578
175 0.79524922370910644531
176 0.70850205421447753906
177 0.61000621318817138672
178 0.50127524137496948242
179 0.38343861699104309082
180 0.25924357771873474121
181 0.13098664581775665283
182 -0.00000000256113708019
183 -0.13098663091659545898
184 -0.25924357771873474121
185 -0.38343858718872070312
186 -0.50127524137496948242
187 -0.61000621318817138672
188 -0.70850217342376708984
189 -0.79524928331375122070
190 -0.86790102720260620117
191 -0.92570263147354125977
192 -0.96815383434295654297
193 -0.99366569519042968750
194 -1.00197350978851318359
195 -0.99366575479507446289
196 -0.96815395355224609375
197 -0.92570269107818603516
198 -0.86790096759796142578
199 -0.79524922370910644531
200 -0.70850205421447753906
201 -0.61000621318817138672
202 -0.50127524137496948242
203 -0.38343861699104309082
204 -0.25924357771873474121
205 -0.13098664581775665283
206 0.00000000256113708019
207 0.13098663091659545898
208 0.25924357771873474121
209 0.38343858718872070312
210 0.50127524137496948242
211 0.61000621318817138672
212 0.70850217342376708984
213 0.79524928331375122070
214 0.86790102720260620117
215 0.92570263147354125977
216 0.96815383434295654297
217 0.99366569519042968750
218 1.00197350978851318359
219 0.99366575479507446289
220 0.96815395355224609375
221 0.92570269107818603516
222 0.86790096759796142578
223 0.79524922370910644531
224 0.70850205421447753906
225 0.61000621318817138672
226 0.50127524137496948242
227 0.38343861699104309082
228 0.25924357771873474121
229 0.13098664581775665283
230 -0.00000000256113708019
231 -0.13098663091659545898
232 -0.25924357771873474121
233 -0.38343858718872070312
234 -0.50127524137496948242
235 -0.61000621318817138672
236 -0.70850217342376708984
237 -0.79524928331375122070
238 -0.86790102720260620117
239 -0.92570263147354125977
aFIR_Q15_1kHz_15kHz
0 0
1 19414
2 -3104
3 6270
4 32767
5 13678
6 11585
7 32767
8 28378
9 15137
10 32767
11 32767
12 16384
13 32767
14 32767
15 15137
16 28378
17 32767
18 11585
19 13678
20 32767
21 6270
22 -3104
23 19414
24 0
25 -19414
26 3104
27 -6270
28 -32768
29 -13678
30 -11585
31 -32768
32 -28378
33 -15137
34 -32768
35 -32768
36 -16384
37 -32768
38 -32768
39 -15137
40 -28378
41 -32768
42 -11585
43 -13678
44 -32768
45 -6270
46 3104
47 -19414
48 0
49 19414
50 -3104
51 6270
52 32767
53 13678
54 11585
55 32767
56 28378
57 15137
58 32767
59 32767
60 16384
61 32767
62 32767
63 15137
64 28378
65 32767
66 11585
67 13678
68 32767
69 6270
70 -3104
71 19414
72 0
73 -19414
74 3104
75 -6270
76 -32768
77 -13678
78 -11585
79 -32768
80 -28378
81 -15137
82 -32768
83 -32768
84 -16384
85 -32768
86 -32768
87 -15137
88 -28378
89 -32768
90 -11585
91 -13678
92 -32768
93 -6270
94 3104
95 -19414
96 0
97 19414
98 -3104
99 6270
100 32767
101 13678
102 11585
103 32767
104 28378
105 15137
106 32767
107 32767
108 16384
109 32767
110 32767
111 15137
112 28378
113 32767
114 11585
115 13678
116 32767
117 6270
118 -3104
119 19414
120 0
121 -19414
122 3104
123 -6270
124 -32768
125 -13678
126 -11585
127 -32768
128 -28378
129 -15137
130 -32768
131 -32768
132 -16384
133 -32768
134 -32768
135 -15137
136 -28378
137 -32768
138 -11585
139 -13678
140 -32768
141 -6270
142 3104
143 -19414
144 0
145 19414
146 -3104
147 6270
148 32767
149 13678
150 11585
151 32767
152 28378
153 15137
154 32767
155 32767
156 16384
157 32767
158 32767
159 15137
160 28378
161 32767
162 11585
163 13678
164 32767
165 6270
166 -3104
167 19414
168 0
169 -19414
170 3104
171 -6270
172 -32768
173 -13678
174 -11585
175 -32768
176 -28378
177 -15137
178 -32768
179 -32768
180 -16384
181 -32768
182 -32768
183 -15137
184 -28378
185 -32768
186 -11585
187 -13678
188 -32768
189 -6270
190 3104
191 -19414
192 0
193 19414
194 -3104
195 6270
196 32767
197 13678
198 11585
199 32767
200 28378
201 15137
202 32767
203 32767
204 16384
205 32767
206 32767
207 15137
208 28378
209 32767
210 11585
211 13678
212 32767
213 6270
214 -3104
215 19414
216 0
217 -19414
218 3104
219 -6270
220 -32768
221 -13678
222 -11585
223 -32768
224 -28378
225 -15137
226 -32768
227 -32768
228 -16384
229 -32768
230 -32768
231 -15137
232 -28378
233 -32768
234 -11585
235 -13678
236 -32768
237 -6270
238 3104
239 -19414
aFIR_Q15_Coeffs_LP
0 -217
1 40
2 120
3 237
4 366
5 475
6 527
7 490
8 346
9 100
10 -217
11 -548
12 -818
13 -947
14 -864
15 -522
16 86
17 922
18 1904
19 2918
20 3835
21 4529
22 4903
23 4903
24 4529
25 3835
26 2918
27 1904
28 922
29 86
30 -522
31 -864
32 -947
33 -818
34 -548
35 -217
36 100
37 346
38 490
39 527
40 475
41 366
42 237
43 120
44 40
45 -217
46 0
47 0
48 0
49 0
50 0
51 0
52 0
53 0
54 0
55 0
aFIR_Q15_Output_LP @ arm_fir_q15(&FIR_Q15_Struct, &sampling_pt, &aFIR_Q15_Output, BLOCKSIZE); 
0 0
1 0
2 0
3 0
4 0
5 0
6 0
7 0
8 0
9 0
10 0
11 -129
12 44
13 25
14 -81
15 166
16 352
17 421
18 690
19 1025
20 1117
21 1255
22 1404
23 1210
24 1010
25 851
26 466
27 212
28 317
29 557
30 1067
31 2345
32 3995
33 5886
34 8447
35 11282
36 13955
37 16807
38 19598
39 21770
40 23655
41 25257
42 26239
43 26732
44 27050
45 26912
46 26353
47 25719
48 24668
49 23156
50 21470
51 19304
52 16516
53 13441
54 10086
55 6102
56 1890
57 -1892
58 -6103
59 -10216
60 -13398
61 -16491
62 -19386
63 -21305
64 -22805
65 -24248
66 -25030
67 -25329
68 -25796
69 -25796
70 -25329
71 -25030
72 -24248
73 -22805
74 -21305
75 -19386
76 -16491
77 -13398
78 -10216
79 -6103
80 -1892
81 1890
82 6102
83 10215
84 13397
85 16490
86 19385
87 21303
88 22803
89 24246
90 25028
91 25327
92 25795
93 25795
94 25327
95 25028
96 24246
97 22803
98 21303
99 19385
100 16490
101 13397
102 10215
103 6102
104 1890
105 -1892
106 -6103
107 -10216
108 -13398
109 -16491
110 -19386
111 -21305
112 -22805
113 -24248
114 -25030
115 -25329
116 -25796
117 -25796
118 -25329
119 -25030
120 -24248
121 -22805
122 -21305
123 -19386
124 -16491
125 -13398
126 -10216
127 -6103
128 -1892
129 1890
130 6102
131 10215
132 13397
133 16490
134 19385
135 21303
136 22803
137 24246
138 25028
139 25327
140 25795
141 25795
142 25327
143 25028
144 24246
145 22803
146 21303
147 19385
148 16490
149 13397
150 10215
151 6102
152 1890
153 -1892
154 -6103
155 -10216
156 -13398
157 -16491
158 -19386
159 -21305
160 -22805
161 -24248
162 -25030
163 -25329
164 -25796
165 -25796
166 -25329
167 -25030
168 -24248
169 -22805
170 -21305
171 -19386
172 -16491
173 -13398
174 -10216
175 -6103
176 -1892
177 1890
178 6102
179 10215
180 13397
181 16490
182 19385
183 21303
184 22803
185 24246
186 25028
187 25327
188 25795
189 25795
190 25327
191 25028
192 24246
193 22803
194 21303
195 19385
196 16490
197 13397
198 10215
199 6102
200 1890
201 -1892
202 -6103
203 -10216
204 -13398
205 -16491
206 -19386
207 -21305
208 -22805
209 -24248
210 -25030
211 -25329
212 -25796
213 -25796
214 -25329
215 -25030
216 -24248
217 -22805
218 -21305
219 -19386
220 -16491
221 -13398
222 -10216
223 -6103
224 -1892
225 1890
226 6102
227 10215
228 13397
229 16490
230 19385
231 21303
232 22803
233 24246
234 25028
235 25327
236 25795
237 25795
238 25327
239 25028
aFIR_Q15_Coeffs_HP
0 -654
1 483
2 393
3 321
4 222
5 76
6 -108
7 -299
8 -447
9 -501
10 -422
11 -200
12 136
13 520
14 855
15 1032
16 953
17 558
18 -160
19 -1148
20 -2290
21 -3432
22 -4406
23 -5060
24 27477
25 -5060
26 -4406
27 -3432
28 -2290
29 -1148
30 -160
31 558
32 953
33 1032
34 855
35 520
36 136
37 -200
38 -422
39 -501
40 -447
41 -299
42 -108
43 76
44 222
45 321
46 393
47 483
48 -654
49 0
50 0
51 0
52 0
53 0
54 0
55 0
aFIR_Q15_Output_HP
0 0
1 0
2 0
3 0
4 0
5 0
6 0
7 0
8 -388
9 348
10 61
11 -409
12 386
13 448
14 -27
15 259
16 534
17 -80
18 -95
19 181
20 -413
21 -322
22 206
23 -44
24 194
25 999
26 917
27 354
28 664
29 -233
30 -2358
31 -3774
32 13450
33 -12692
34 -6096
35 17797
36 -5009
37 -9792
38 9635
39 3169
40 -11686
41 5644
42 5132
43 -11700
44 5450
45 5886
46 -11359
47 3472
48 9414
49 -10342
50 -5539
51 17034
52 -6699
53 -12111
54 15419
55 0
56 -15808
57 12459
58 6760
59 -17444
60 5925
61 10790
62 -9442
63 -3213
64 11893
65 -5967
66 -5546
67 11881
68 -5546
69 -5967
70 11893
71 -3213
72 -9442
73 10790
74 5925
75 -17444
76 6760
77 12459
78 -15808
79 0
80 15807
81 -12460
82 -6761
83 17442
84 -5926
85 -10791
86 9441
87 3213
88 -11893
89 5965
90 5544
91 -11881
92 5544
93 5965
94 -11893
95 3213
96 9441
97 -10791
98 -5926
99 17442
100 -6761
101 -12460
102 15807
103 0
104 -15808
105 12459
106 6760
107 -17444
108 5925
109 10790
110 -9442
111 -3213
112 11893
113 -5967
114 -5546
115 11881
116 -5546
117 -5967
118 11893
119 -3213
120 -9442
121 10790
122 5925
123 -17444
124 6760
125 12459
126 -15808
127 0
128 15807
129 -12460
130 -6761
131 17442
132 -5926
133 -10791
134 9441
135 3213
136 -11893
137 5965
138 5544
139 -11881
140 5544
141 5965
142 -11893
143 3213
144 9441
145 -10791
146 -5926
147 17442
148 -6761
149 -12460
150 15807
151 0
152 -15808
153 12459
154 6760
155 -17444
156 5925
157 10790
158 -9442
159 -3213
160 11893
161 -5967
162 -5546
163 11881
164 -5546
165 -5967
166 11893
167 -3213
168 -9442
169 10790
170 5925
171 -17444
172 6760
173 12459
174 -15808
175 0
176 15807
177 -12460
178 -6761
179 17442
180 -5926
181 -10791
182 9441
183 3213
184 -11893
185 5965
186 5544
187 -11881
188 5544
189 5965
190 -11893
191 3213
192 9441
193 -10791
194 -5926
195 17442
196 -6761
197 -12460
198 15807
199 0
200 -15808
201 12459
202 6760
203 -17444
204 5925
205 10790
206 -9442
207 -3213
208 11893
209 -5967
210 -5546
211 11881
212 -5546
213 -5967
214 11893
215 -3213
216 -9442
217 10790
218 5925
219 -17444
220 6760
221 12459
222 -15808
223 0
224 15807
225 -12460
226 -6761
227 17442
228 -5926
229 -10791
230 9441
231 3213
232 -11893
233 5965
234 5544
235 -11881
236 5544
237 5965
238 -11893
239 3213
aFIR_Q31_1kHz_15kHz
0 0
1 1272310912
2 -203440464
3 410903200
4 2147483647
5 896401984
6 759250112
7 2147483647
8 1859775360
9 992008064
10 2147483647
11 2147483647
12 1073741824
13 2147483647
14 2147483647
15 992008064
16 1859775360
17 2147483647
18 759250112
19 896401984
20 2147483647
21 410903200
22 -203440464
23 1272310912
24 0
25 -1272310912
26 203440464
27 -410903200
28 -2147483648
29 -896401984
30 -759250112
31 -2147483648
32 -1859775360
33 -992008064
34 -2147483648
35 -2147483648
36 -1073741824
37 -2147483648
38 -2147483648
39 -992008064
40 -1859775360
41 -2147483648
42 -759250112
43 -896401984
44 -2147483648
45 -410903200
46 203440464
47 -1272310912
48 0
49 1272310912
50 -203440464
51 410903200
52 2147483647
53 896401984
54 759250112
55 2147483647
56 1859775360
57 992008064
58 2147483647
59 2147483647
60 1073741824
61 2147483647
62 2147483647
63 992008064
64 1859775360
65 2147483647
66 759250112
67 896401984
68 2147483647
69 410903200
70 -203440464
71 1272310912
72 0
73 -1272310912
74 203440464
75 -410903200
76 -2147483648
77 -896401984
78 -759250112
79 -2147483648
80 -1859775360
81 -992008064
82 -2147483648
83 -2147483648
84 -1073741824
85 -2147483648
86 -2147483648
87 -992008064
88 -1859775360
89 -2147483648
90 -759250112
91 -896401984
92 -2147483648
93 -410903200
94 203440464
95 -1272310912
96 0
97 1272310912
98 -203440464
99 410903200
100 2147483647
101 896401984
102 759250112
103 2147483647
104 1859775360
105 992008064
106 2147483647
107 2147483647
108 1073741824
109 2147483647
110 2147483647
111 992008064
112 1859775360
113 2147483647
114 759250112
115 896401984
116 2147483647
117 410903200
118 -203440464
119 1272310912
120 0
121 -1272310912
122 203440464
123 -410903200
124 -2147483648
125 -896401984
126 -759250112
127 -2147483648
128 -1859775360
129 -992008064
130 -2147483648
131 -2147483648
132 -1073741824
133 -2147483648
134 -2147483648
135 -992008064
136 -1859775360
137 -2147483648
138 -759250112
139 -896401984
140 -2147483648
141 -410903200
142 203440464
143 -1272310912
144 0
145 1272310912
146 -203440464
147 410903200
148 2147483647
149 896401984
150 759250112
151 2147483647
152 1859775360
153 992008064
154 2147483647
155 2147483647
156 1073741824
157 2147483647
158 2147483647
159 992008064
160 1859775360
161 2147483647
162 759250112
163 896401984
164 2147483647
165 410903200
166 -203440464
167 1272310912
168 0
169 -1272310912
170 203440464
171 -410903200
172 -2147483648
173 -896401984
174 -759250112
175 -2147483648
176 -1859775360
177 -992008064
178 -2147483648
179 -2147483648
180 -1073741824
181 -2147483648
182 -2147483648
183 -992008064
184 -1859775360
185 -2147483648
186 -759250112
187 -896401984
188 -2147483648
189 -410903200
190 203440464
191 -1272310912
192 0
193 1272310912
194 -203440464
195 410903200
196 2147483647
197 896401984
198 759250112
199 2147483647
200 1859775360
201 992008064
202 2147483647
203 2147483647
204 1073741824
205 2147483647
206 2147483647
207 992008064
208 1859775360
209 2147483647
210 759250112
211 896401984
212 2147483647
213 410903200
214 -203440464
215 1272310912
216 0
217 -1272310912
218 203440464
219 -410903200
220 -2147483648
221 -896401984
222 -759250112
223 -2147483648
224 -1859775360
225 -992008064
226 -2147483648
227 -2147483648
228 -1073741824
229 -2147483648
230 -2147483648
231 -992008064
232 -1859775360
233 -2147483648
234 -759250112
235 -896401984
236 -2147483648
237 -410903200
238 203440464
239 -1272310912
aFIR_Q31_Coeffs
0 -3913838
1 -3410053
2 0
3 7940860
4 17341854
5 18318512
6 0
7 -37361272
8 -73327680
9 -71638240
10 0
11 145236128
12 326860288
13 478727136
14 537936256
15 478727136
16 326860288
17 145236128
18 0
19 -71638240
20 -73327680
21 -37361272
22 0
23 18318512
24 17341854
25 7940860
26 0
27 -3410053
28 -3913838
aFIR_Q31_Output
0 0
1 -2318816
2 -1649566
3 -425832
4 138365
5 4478419
6 7922468
7 4404213
8 -4773197
9 -16301046
10 -26415775
11 -21233793
12 15055288
13 90636058
14 213685492
15 384536493
16 589318707
17 812045275
18 1036001374
19 1240670031
20 1411533688
21 1548370761
22 1650382236
23 1719162483
24 1765781609
25 1794758599
26 1802789412
27 1792865615
28 1765643243
29 1714684063
30 1642459767
31 1543966547
32 1416306884
33 1256971076
34 1062417149
35 833279067
36 574263418
37 293900435
38 0
39 -293900436
40 -574263419
41 -833279069
42 -1062417150
43 -1256971077
44 -1416306886
45 -1543966548
46 -1642459768
47 -1714684065
48 -1765643245
49 -1795184432
50 -1804438979
51 -1795184432
52 -1765643245
53 -1714684065
54 -1642459768
55 -1543966548
56 -1416306886
57 -1256971077
58 -1062417150
59 -833279069
60 -574263419
61 -293900436
62 0
63 293900435
64 574263418
65 833279067
66 1062417149
67 1256971076
68 1416306884
69 1543966547
70 1642459767
71 1714684063
72 1765643243
73 1795184430
74 1804438977
75 1795184430
76 1765643243
77 1714684063
78 1642459767
79 1543966547
80 1416306884
81 1256971076
82 1062417149
83 833279067
84 574263418
85 293900435
86 0
87 -293900436
88 -574263419
89 -833279069
90 -1062417150
91 -1256971077
92 -1416306886
93 -1543966548
94 -1642459768
95 -1714684065
96 -1765643245
97 -1795184432
98 -1804438979
99 -1795184432
100 -1765643245
101 -1714684065
102 -1642459768
103 -1543966548
104 -1416306886
105 -1256971077
106 -1062417150
107 -833279069
108 -574263419
109 -293900436
110 0
111 293900435
112 574263418
113 833279067
114 1062417149
115 1256971076
116 1416306884
117 1543966547
118 1642459767
119 1714684063
120 1765643243
121 1795184430
122 1804438977
123 1795184430
124 1765643243
125 1714684063
126 1642459767
127 1543966547
128 1416306884
129 1256971076
130 1062417149
131 833279067
132 574263418
133 293900435
134 0
135 -293900436
136 -574263419
137 -833279069
138 -1062417150
139 -1256971077
140 -1416306886
141 -1543966548
142 -1642459768
143 -1714684065
144 -1765643245
145 -1795184432
146 -1804438979
147 -1795184432
148 -1765643245
149 -1714684065
150 -1642459768
151 -1543966548
152 -1416306886
153 -1256971077
154 -1062417150
155 -833279069
156 -574263419
157 -293900436
158 0
159 293900435
160 574263418
161 833279067
162 1062417149
163 1256971076
164 1416306884
165 1543966547
166 1642459767
167 1714684063
168 1765643243
169 1795184430
170 1804438977
171 1795184430
172 1765643243
173 1714684063
174 1642459767
175 1543966547
176 1416306884
177 1256971076
178 1062417149
179 833279067
180 574263418
181 293900435
182 0
183 -293900436
184 -574263419
185 -833279069
186 -1062417150
187 -1256971077
188 -1416306886
189 -1543966548
190 -1642459768
191 -1714684065
192 -1765643245
193 -1795184432
194 -1804438979
195 -1795184432
196 -1765643245
197 -1714684065
198 -1642459768
199 -1543966548
200 -1416306886
201 -1256971077
202 -1062417150
203 -833279069
204 -574263419
205 -293900436
206 0
207 293900435
208 574263418
209 833279067
210 1062417149
211 1256971076
212 1416306884
213 1543966547
214 1642459767
215 1714684063
216 1765643243
217 1795184430
218 1804438977
219 1795184430
220 1765643243
221 1714684063
222 1642459767
223 1543966547
224 1416306884
225 1256971076
226 1062417149
227 833279067
228 574263418
229 293900435
230 0
231 -293900436
232 -574263419
233 -833279069
234 -1062417150
235 -1256971077
236 -1416306886
237 -1543966548
238 -1642459768
239 -1714684065
